log.js:24 [HMR] Waiting for update signal from WDS...
App.js:50 ,0.99,448,68,1.00,450,66,1.00,437,64,0.99,464,78,0.91,428,77,0.94,476,100,0.99,414,111,0.83,511,146,0.84,343,128,0.80,563,184,0.60,357,88,0.72,480,189,0.88,431,196,0.80,512,298,0.26,506,290,0.74,562,442,0.45,452,442
App.js:50 ,0.99,407,62,1.00,413,62,0.99,399,55,0.98,425,79,0.89,386,73,0.87,438,98,0.97,376,111,0.89,473,138,0.95,366,296,0.82,525,176,0.71,322,83,0.52,449,180,0.87,395,194,0.61,479,295,0.49,471,287,0.67,529,424,0.43,424,437
App.js:50 ,0.99,407,60,1.00,410,57,1.00,399,55,0.97,426,68,0.86,386,65,0.94,436,92,0.96,375,109,0.82,471,137,0.84,366,294,0.76,525,171,0.62,322,82,0.67,445,175,0.92,394,191,0.41,478,294,0.50,471,286,0.59,529,424,0.53,420,426
App.js:50 ,0.99,406,59,1.00,409,56,1.00,399,53,0.98,424,67,0.74,387,65,0.90,436,91,0.96,375,105,0.84,473,136,0.88,365,294,0.84,524,171,0.35,322,80,0.61,452,177,0.93,391,190,0.36,476,294,0.36,470,285,0.58,529,424,0.47,424,434
App.js:50 ,0.99,407,61,1.00,412,60,1.00,399,54,0.98,422,75,0.80,385,70,0.92,436,94,0.92,375,110,0.87,475,137,0.91,368,295,0.89,523,175,0.75,314,87,0.61,444,177,0.80,394,191,0.63,478,295,0.44,471,288,0.77,528,422,0.51,426,436
App.js:50 ,0.99,403,62,1.00,406,57,1.00,397,56,0.98,421,69,0.90,386,71,0.93,435,93,0.97,375,110,0.69,470,138,0.94,365,294,0.88,522,174,0.69,311,90,0.59,433,177,0.90,389,188,0.82,471,283,0.29,470,285,0.77,529,427,0.39,423,434
App.js:50 ,0.99,404,59,1.00,404,52,0.99,398,54,0.99,421,62,0.66,383,65,0.91,435,89,0.96,374,105,0.87,471,131,0.92,365,291,0.82,526,168,0.45,319,76,0.72,445,175,0.86,388,188,0.20,477,286,0.38,470,281,0.82,524,419,0.51,418,423
App.js:50 ,0.99,402,48,1.00,406,47,0.99,395,46,0.98,419,62,0.94,382,60,0.74,433,82,0.97,370,94,0.93,467,125,0.95,362,287,0.88,515,159,0.80,313,74,0.70,449,171,0.76,439,171,0.20,365,287,0.32,468,280,0.77,525,417,0.35,414,417
App.js:50 ,0.99,403,53,1.00,403,50,0.99,391,51,0.99,420,63,0.81,383,64,0.92,436,82,0.99,371,101,0.78,471,135,0.94,310,119,0.66,518,160,0.71,311,74,0.64,449,168,0.81,382,185,0.18,475,285,0.38,471,279,0.78,522,416,0.50,420,423
App.js:50 ,0.99,404,58,1.00,405,56,0.99,393,54,0.99,420,67,0.71,384,65,0.87,433,90,0.90,375,103,0.79,471,133,0.87,364,292,0.78,517,168,0.48,320,77,0.60,435,176,0.89,387,186,0.68,470,283,0.28,469,285,0.56,528,424,0.32,421,429
App.js:50 ,0.99,405,61,1.00,406,57,1.00,398,54,0.99,422,66,0.77,387,64,0.96,435,90,0.98,375,104,0.84,472,136,0.88,367,290,0.89,525,169,0.38,322,76,0.56,449,173,0.78,439,173,0.45,469,278,0.49,469,282,0.79,527,423,0.54,420,424
App.js:50 ,0.99,407,51,1.00,414,49,0.99,401,41,0.98,425,61,0.84,390,58,0.95,438,84,0.97,377,93,0.91,475,126,0.92,371,285,0.88,525,160,0.29,328,75,0.75,450,172,0.91,396,179,0.47,479,282,0.25,474,277,0.78,529,418,0.40,420,416
App.js:50 ,0.99,409,47,0.99,417,46,0.99,402,42,0.99,429,60,0.83,394,58,0.97,441,82,0.97,379,91,0.92,476,123,0.89,372,285,0.93,528,159,0.27,329,70,0.75,453,169,0.93,396,179,0.53,480,281,0.39,477,275,0.69,531,413,0.40,424,415
App.js:50 ,0.97,410,51,0.99,421,49,0.99,403,47,0.99,429,62,0.89,394,59,0.96,442,83,0.98,380,93,0.86,475,123,0.92,368,291,0.85,529,160,0.41,325,73,0.65,447,174,0.86,397,179,0.27,482,282,0.31,476,277,0.73,533,414,0.30,424,417
App.js:50 ,0.99,417,62,1.00,415,57,1.00,405,57,0.94,430,66,0.82,395,68,0.98,444,92,0.89,379,105,0.90,480,136,0.90,369,295,0.72,540,168,0.38,531,172,0.70,449,178,0.61,400,191,0.43,481,287,0.51,476,285,0.77,533,427,0.54,426,427
App.js:50 ,0.98,409,60,0.99,417,58,1.00,402,55,0.98,428,76,0.79,390,69,0.96,440,96,0.92,374,107,0.90,474,137,0.85,366,296,0.85,524,174,0.52,326,83,0.67,447,182,0.87,397,192,0.46,479,289,0.55,476,285,0.70,532,425,0.42,425,432
App.js:50 ,0.98,410,60,1.00,418,57,1.00,403,56,0.97,427,74,0.83,394,70,0.96,441,95,0.93,379,107,0.89,476,138,0.86,370,296,0.88,524,173,0.56,324,83,0.61,446,180,0.86,397,193,0.58,479,292,0.54,474,286,0.74,532,426,0.52,421,430
App.js:50 ,0.99,408,64,1.00,418,62,1.00,404,57,0.99,428,76,0.89,394,71,0.98,442,97,0.98,379,108,0.92,476,138,0.90,368,298,0.90,529,176,0.39,319,90,0.60,453,186,0.87,399,193,0.38,481,296,0.37,477,289,0.66,535,425,0.53,424,435
App.js:50 ,0.99,409,63,0.99,419,62,1.00,404,58,0.99,429,76,0.85,394,72,0.97,443,97,0.98,380,107,0.90,476,138,0.92,369,298,0.90,528,175,0.45,325,87,0.61,455,185,0.80,400,192,0.55,481,292,0.52,482,288,0.53,535,424,0.36,428,437
App.js:50 ,0.99,408,61,0.99,418,60,1.00,403,57,0.98,428,75,0.77,395,71,0.95,441,96,0.97,379,107,0.80,479,139,0.93,371,297,0.89,528,178,0.43,328,88,0.54,447,182,0.90,400,193,0.53,480,290,0.50,482,287,0.77,534,425,0.44,426,434
App.js:50 ,0.99,414,62,1.00,418,62,1.00,405,57,0.98,431,73,0.92,393,72,0.98,446,96,0.98,379,108,0.94,479,137,0.95,372,297,0.84,529,176,0.57,325,83,0.63,454,181,0.86,400,194,0.48,481,291,0.36,483,290,0.80,534,426,0.49,427,435
App.js:50 ,0.99,410,61,0.99,418,62,1.00,404,57,0.98,432,75,0.81,395,72,0.97,445,97,0.98,379,107,0.90,477,138,0.93,373,296,0.85,526,175,0.48,326,88,0.71,451,180,0.79,401,194,0.30,375,299,0.53,483,288,0.78,536,427,0.44,428,435
App.js:50 ,0.99,411,62,0.99,422,59,1.00,405,57,0.97,430,72,0.89,396,69,0.97,447,94,0.95,377,106,0.85,480,138,0.92,373,294,0.84,529,174,0.40,529,177,0.73,449,177,0.86,398,192,0.49,481,289,0.53,484,287,0.84,536,427,0.45,428,433
App.js:50 ,0.99,411,63,1.00,418,63,1.00,406,59,0.99,430,75,0.93,395,71,0.98,444,97,0.98,380,106,0.87,477,137,0.93,372,299,0.89,524,173,0.33,520,177,0.71,450,187,0.89,399,197,0.47,480,290,0.54,482,286,0.74,537,426,0.36,424,430
App.js:50 ,0.99,410,62,0.99,419,61,1.00,404,57,0.98,428,75,0.87,394,71,0.97,442,96,0.96,378,106,0.93,472,136,0.92,480,297,0.85,526,174,0.62,324,85,0.69,448,184,0.94,397,195,0.32,481,296,0.34,475,292,0.61,534,427,0.43,424,435
App.js:50 ,0.99,407,67,1.00,412,64,0.99,398,62,0.99,425,77,0.93,387,75,0.97,438,99,0.97,375,111,0.94,473,140,0.93,369,302,0.81,523,176,0.67,324,89,0.71,450,188,0.84,397,196,0.54,478,298,0.34,474,292,0.74,532,432,0.33,424,438
App.js:50 ,0.99,405,67,1.00,409,65,0.99,396,61,0.99,424,80,0.88,383,76,0.92,432,101,0.99,373,112,0.92,471,142,0.88,368,303,0.85,527,177,0.54,324,90,0.56,434,190,0.88,393,195,0.38,366,305,0.26,469,294,0.74,531,429,0.42,423,439
App.js:50 ,1.00,405,69,1.00,406,66,0.99,393,67,0.99,422,79,0.88,385,78,0.87,434,102,0.98,373,114,0.89,472,145,0.87,368,304,0.83,526,178,0.45,323,89,0.67,449,186,0.82,395,196,0.21,362,304,0.29,469,295,0.74,531,434,0.50,421,439
App.js:50 ,1.00,404,70,1.00,406,67,1.00,396,66,0.99,420,80,0.87,384,78,0.92,432,102,0.99,373,116,0.93,468,143,0.91,368,305,0.85,518,176,0.71,319,91,0.59,449,187,0.82,392,196,0.44,476,299,0.22,471,293,0.78,530,434,0.28,421,440
App.js:50 ,0.99,404,72,1.00,404,67,0.99,396,68,0.99,421,78,0.83,384,79,0.90,435,103,0.98,373,118,0.94,470,147,0.87,369,305,0.85,521,177,0.55,321,95,0.74,449,187,0.82,387,202,0.44,477,300,0.25,472,292,0.72,531,432,0.42,422,440
App.js:50 ,1.00,406,64,1.00,410,62,0.99,399,55,0.98,425,79,0.83,387,73,0.90,438,98,0.94,377,110,0.88,476,140,0.94,372,300,0.87,526,173,0.69,323,83,0.57,450,179,0.90,397,194,0.44,481,296,0.44,476,289,0.72,535,428,0.45,425,433
App.js:50 ,0.98,409,60,0.99,416,57,1.00,400,56,0.97,428,77,0.91,388,72,0.95,440,97,0.95,378,113,0.84,473,137,0.93,369,300,0.78,529,176,0.50,326,82,0.69,453,179,0.90,398,196,0.55,481,292,0.54,483,289,0.73,534,423,0.53,427,432
App.js:50 ,0.98,409,62,0.99,418,59,1.00,403,56,0.97,427,74,0.74,394,68,0.96,441,95,0.95,375,106,0.80,483,138,0.93,370,297,0.90,529,172,0.56,315,86,0.75,450,180,0.90,397,195,0.39,480,289,0.51,482,287,0.74,537,424,0.51,427,429
App.js:50 ,0.99,406,62,1.00,408,57,1.00,398,55,0.98,425,71,0.83,385,67,0.95,438,94,0.94,377,109,0.84,471,135,0.91,367,294,0.81,525,171,0.68,322,85,0.74,446,178,0.91,396,192,0.66,480,289,0.20,473,284,0.67,536,423,0.35,429,430
App.js:50 ,0.99,404,61,1.00,406,57,1.00,397,56,0.99,422,67,0.90,385,69,0.95,437,93,0.97,375,109,0.89,472,137,0.90,368,295,0.88,526,173,0.78,320,82,0.69,444,176,0.92,394,189,0.58,476,287,0.61,471,282,0.70,534,424,0.51,426,434
App.js:50 ,0.99,407,62,1.00,408,57,1.00,398,56,0.96,421,73,0.91,385,72,0.93,432,94,0.97,373,108,0.87,470,138,0.87,370,295,0.93,524,172,0.81,313,85,0.74,449,175,0.91,393,191,0.52,478,291,0.45,473,285,0.74,534,427,0.42,426,435
App.js:50 ,0.99,407,61,1.00,410,58,1.00,399,55,0.97,422,74,0.88,384,71,0.89,435,95,0.93,375,108,0.82,477,139,0.92,370,297,0.86,528,171,0.61,312,82,0.55,436,176,0.89,396,193,0.42,480,291,0.54,476,285,0.66,535,424,0.47,425,431
App.js:50 ,0.99,407,66,1.00,412,63,0.99,398,61,0.97,428,77,0.89,386,74,0.86,436,101,0.94,374,109,0.85,475,139,0.88,375,303,0.84,528,175,0.83,315,91,0.64,453,185,0.78,397,194,0.38,481,296,0.32,483,290,0.80,539,432,0.53,430,438
App.js:50 ,0.99,408,69,1.00,412,65,1.00,398,65,0.98,424,79,0.76,389,79,0.88,434,101,0.97,376,111,0.89,475,142,0.90,369,307,0.90,528,175,0.67,315,90,0.65,454,187,0.89,398,196,0.42,482,297,0.25,482,292,0.72,538,437,0.24,536,432
App.js:50 ,0.98,408,62,0.99,416,57,0.99,402,56,0.96,426,75,0.89,389,73,0.83,440,97,0.91,375,107,0.91,476,136,0.92,369,297,0.90,527,173,0.68,323,85,0.63,453,187,0.86,399,195,0.32,481,295,0.34,483,288,0.73,538,424,0.43,427,431
App.js:50 ,0.99,407,61,1.00,409,57,1.00,399,55,0.95,424,70,0.87,386,70,0.88,438,95,0.92,376,110,0.85,476,139,0.88,370,296,0.93,520,167,0.74,312,84,0.52,463,187,0.89,443,178,0.47,480,289,0.60,474,285,0.65,538,427,0.51,425,434
App.js:50 ,0.99,406,63,1.00,413,61,0.99,399,55,0.95,425,76,0.70,388,72,0.78,436,99,0.85,376,108,0.77,475,137,0.92,370,305,0.79,525,175,0.70,314,92,0.42,451,184,0.87,397,193,0.56,481,291,0.38,482,286,0.71,537,426,0.44,431,437
App.js:50 ,0.99,408,63,1.00,414,61,0.99,400,56,0.96,425,74,0.87,389,72,0.90,437,97,0.95,375,109,0.92,476,136,0.92,370,298,0.70,526,174,0.65,325,85,0.69,448,182,0.91,398,195,0.28,481,291,0.37,484,287,0.80,540,427,0.55,430,433
App.js:50 ,0.99,409,62,0.99,418,62,1.00,402,56,0.97,427,77,0.83,391,71,0.95,440,97,0.96,377,108,0.69,475,137,0.94,374,301,0.79,527,176,0.43,326,89,0.66,446,182,0.87,398,194,0.46,481,290,0.57,484,287,0.81,544,427,0.51,432,435
App.js:50 ,0.98,410,67,0.99,419,62,0.99,402,60,0.96,427,74,0.86,391,74,0.86,439,100,0.98,378,109,0.85,478,136,0.94,374,299,0.90,527,176,0.61,313,91,0.60,444,187,0.88,400,192,0.35,482,292,0.49,484,290,0.75,541,427,0.31,430,437
App.js:50 ,0.98,411,61,0.99,418,59,1.00,403,56,0.97,428,75,0.77,391,69,0.97,441,94,0.95,376,106,0.95,477,135,0.90,371,296,0.91,527,172,0.60,326,84,0.65,452,176,0.90,398,195,0.46,481,289,0.39,478,285,0.73,540,423,0.45,430,432
App.js:50 ,0.99,409,62,0.99,418,60,1.00,404,56,0.95,428,74,0.76,393,71,0.85,439,98,0.94,377,108,0.88,478,136,0.93,372,301,0.81,529,178,0.44,326,85,0.60,454,177,0.91,398,193,0.47,481,289,0.46,484,287,0.75,541,426,0.45,430,433
App.js:50 ,0.99,410,67,0.99,418,65,0.99,401,63,0.97,426,77,0.93,392,75,0.95,441,98,0.97,377,108,0.88,475,137,0.90,371,304,0.90,528,174,0.51,326,87,0.52,452,185,0.82,400,193,0.56,480,295,0.56,482,289,0.76,539,432,0.39,429,438
App.js:50 ,0.99,410,72,1.00,416,70,1.00,401,67,0.95,426,81,0.86,392,82,0.90,439,105,0.94,376,111,0.94,476,141,0.90,369,307,0.89,526,176,0.53,323,96,0.71,451,188,0.89,396,203,0.43,480,295,0.29,477,294,0.68,536,435,0.38,431,440
App.js:50 ,0.99,409,73,1.00,413,69,1.00,400,67,0.97,426,82,0.84,391,82,0.87,438,103,0.95,376,114,0.94,479,147,0.88,309,140,0.89,524,176,0.72,314,99,0.74,454,190,0.85,397,203,0.46,481,297,0.25,475,295,0.64,537,428,0.41,428,440
App.js:50 ,0.99,409,73,1.00,412,71,1.00,399,69,0.95,426,81,0.74,389,83,0.88,438,107,0.91,375,116,0.89,475,144,0.88,373,306,0.81,558,182,0.78,313,101,0.66,445,190,0.93,395,205,0.40,482,301,0.34,475,299,0.66,536,433,0.28,428,442
App.js:50 ,0.99,408,76,0.99,416,72,0.99,401,69,0.95,428,90,0.72,391,86,0.95,439,112,0.94,376,123,0.77,476,154,0.94,371,313,0.85,527,190,0.59,316,101,0.57,447,196,0.84,399,210,0.64,478,300,0.48,477,300,0.75,543,448,0.25,428,446
App.js:50 ,0.99,410,73,0.99,419,73,1.00,403,70,0.94,428,91,0.66,393,87,0.83,441,112,0.97,379,123,0.78,478,153,0.92,372,310,0.89,529,187,0.50,315,105,0.59,447,196,0.89,399,209,0.27,481,303,0.38,478,302,0.65,541,444,0.28,430,445
App.js:50 ,0.99,412,74,1.00,416,72,1.00,405,70,0.96,429,82,0.83,393,84,0.79,445,107,0.92,378,118,0.81,480,148,0.91,373,308,0.70,329,102,0.51,326,98,0.57,445,189,0.80,447,190,0.36,480,297,0.54,484,299,0.76,539,439,0.47,430,442
App.js:50 ,0.99,416,70,1.00,417,66,1.00,406,67,0.99,433,77,0.91,396,79,0.96,446,101,0.98,385,115,0.93,483,145,0.93,374,306,0.88,532,179,0.32,325,89,0.71,451,189,0.80,400,199,0.22,379,305,0.32,478,295,0.80,541,434,0.33,432,441
App.js:50 ,0.99,416,72,1.00,417,69,1.00,405,69,0.99,431,78,0.86,397,81,0.97,449,104,0.98,382,118,0.94,483,147,0.84,377,305,0.85,531,178,0.59,323,97,0.69,450,187,0.78,397,201,0.39,484,297,0.24,478,295,0.76,538,437,0.39,432,438
App.js:50 ,0.99,418,71,1.00,418,68,1.00,405,68,0.99,432,78,0.84,396,80,0.96,449,103,0.97,385,116,0.92,481,147,0.91,375,307,0.87,531,178,0.49,329,93,0.57,456,190,0.81,396,204,0.26,379,306,0.46,479,294,0.68,537,437,0.50,431,440
App.js:50 ,0.98,411,72,1.00,424,70,1.00,406,69,0.97,431,80,0.84,395,81,0.91,443,105,0.94,379,115,0.88,484,153,0.93,371,307,0.77,536,185,0.30,327,96,0.35,453,187,0.77,448,190,0.44,482,296,0.33,477,294,0.70,537,436,0.37,430,438
App.js:50 ,0.99,411,73,1.00,422,70,1.00,404,68,0.99,429,82,0.89,395,80,0.96,441,103,0.99,382,114,0.97,479,146,0.90,369,308,0.88,529,178,0.35,324,91,0.80,452,190,0.87,399,198,0.43,483,297,0.47,476,296,0.71,536,427,0.45,428,438
App.js:50 ,0.99,410,72,1.00,418,69,1.00,402,68,0.98,428,80,0.84,394,81,0.97,440,104,0.97,378,114,0.96,479,144,0.91,369,307,0.90,529,178,0.54,317,94,0.72,452,189,0.80,397,199,0.45,482,297,0.37,475,294,0.76,536,435,0.42,429,438
App.js:50 ,0.99,411,72,1.00,419,69,1.00,403,68,0.98,428,81,0.89,394,81,0.95,441,103,0.96,379,115,0.95,479,144,0.85,370,306,0.88,528,179,0.45,324,97,0.70,448,189,0.84,397,198,0.45,482,296,0.28,475,294,0.78,535,429,0.29,534,429
App.js:50 ,0.99,410,72,1.00,419,69,1.00,402,68,0.98,427,80,0.85,394,81,0.97,443,104,0.98,380,114,0.91,481,143,0.93,371,308,0.91,529,176,0.32,326,93,0.80,448,190,0.90,394,207,0.26,482,298,0.35,476,295,0.63,535,430,0.33,428,440
App.js:50 ,0.99,411,72,1.00,420,71,1.00,403,68,0.98,427,82,0.90,394,83,0.96,443,104,0.96,377,115,0.89,482,148,0.90,369,307,0.90,529,177,0.27,525,183,0.68,449,189,0.90,398,205,0.40,482,298,0.32,476,294,0.66,535,433,0.34,427,439
App.js:50 ,0.99,410,71,1.00,419,69,1.00,401,67,0.98,427,81,0.84,392,82,0.89,441,104,0.94,376,115,0.87,480,147,0.88,370,306,0.88,528,176,0.38,326,95,0.70,445,190,0.87,397,206,0.48,481,296,0.27,473,293,0.74,534,429,0.42,427,438
App.js:50 ,0.99,409,72,1.00,415,69,1.00,400,68,0.97,425,81,0.86,393,82,0.93,441,103,0.90,374,113,0.87,482,147,0.89,373,303,0.87,529,178,0.73,316,96,0.79,448,189,0.89,397,204,0.37,480,299,0.31,472,294,0.79,532,431,0.50,427,438
App.js:50 ,0.99,409,72,1.00,413,69,1.00,399,68,0.98,426,82,0.71,391,84,0.93,439,104,0.91,376,115,0.95,479,146,0.92,370,304,0.86,533,181,0.66,316,96,0.76,445,189,0.86,394,206,0.35,481,298,0.36,474,296,0.77,534,431,0.47,425,438
App.js:50 ,0.99,408,73,1.00,413,71,1.00,399,69,0.96,425,82,0.73,390,83,0.92,437,106,0.88,375,116,0.91,478,147,0.87,372,305,0.86,528,181,0.56,324,97,0.76,447,189,0.87,395,202,0.28,479,298,0.37,474,297,0.72,534,435,0.51,425,441
App.js:50 ,0.99,407,74,1.00,413,71,1.00,399,69,0.97,426,82,0.65,390,86,0.83,440,108,0.78,377,117,0.85,481,152,0.91,372,305,0.87,528,184,0.50,315,98,0.55,454,189,0.86,396,204,0.29,482,298,0.45,474,296,0.62,535,435,0.55,427,442
App.js:50 ,0.98,408,74,1.00,415,72,1.00,400,70,0.96,426,83,0.74,390,83,0.96,438,105,0.90,376,118,0.88,481,151,0.76,480,297,0.85,530,181,0.63,314,101,0.74,446,188,0.91,396,205,0.36,482,299,0.47,474,296,0.74,535,439,0.55,425,442
App.js:50 ,0.99,407,73,1.00,411,72,1.00,398,69,0.97,426,83,0.70,389,82,0.93,436,105,0.92,376,117,0.95,475,148,0.91,371,305,0.89,528,178,0.35,323,92,0.66,445,189,0.79,398,203,0.36,477,296,0.24,472,295,0.68,533,433,0.54,426,441
App.js:50 ,0.99,405,75,1.00,408,71,1.00,397,70,0.98,424,82,0.78,388,81,0.95,439,107,0.95,376,121,0.94,478,148,0.87,370,305,0.88,525,179,0.58,322,97,0.65,444,190,0.79,393,203,0.26,471,295,0.24,471,298,0.75,532,440,0.53,425,441
App.js:50 ,0.99,407,76,1.00,409,72,0.99,397,69,0.98,423,87,0.85,384,86,0.90,435,108,0.92,376,125,0.89,477,153,0.83,368,310,0.91,525,185,0.44,323,100,0.60,435,190,0.85,393,206,0.64,478,303,0.28,471,299,0.69,534,441,0.47,424,443
App.js:50 ,0.99,406,73,1.00,409,72,0.99,397,69,0.99,422,85,0.89,385,86,0.94,436,110,0.97,375,124,0.79,469,154,0.81,367,308,0.82,526,191,0.79,320,100,0.68,443,190,0.91,391,206,0.52,472,301,0.32,471,299,0.69,533,438,0.29,423,442
App.js:50 ,0.99,406,72,1.00,410,73,0.99,397,69,0.98,423,88,0.93,383,86,0.90,439,110,0.98,373,125,0.83,471,152,0.86,365,307,0.82,523,190,0.71,323,106,0.66,437,190,0.76,392,204,0.62,476,301,0.67,470,299,0.70,534,441,0.27,532,441
App.js:50 ,0.99,404,76,1.00,407,72,1.00,397,70,0.99,422,82,0.80,386,83,0.95,436,109,0.95,376,122,0.80,469,149,0.87,370,308,0.83,522,187,0.65,320,98,0.52,435,192,0.81,392,205,0.44,470,299,0.41,471,299,0.79,530,440,0.36,424,442
App.js:50 ,0.99,407,72,1.00,410,72,0.99,398,69,0.93,426,88,0.70,388,86,0.84,437,110,0.90,377,124,0.88,471,153,0.84,367,309,0.91,526,188,0.76,314,102,0.57,452,190,0.82,394,207,0.50,473,302,0.26,479,304,0.65,533,442,0.33,422,444
App.js:50 ,0.99,407,74,1.00,410,72,1.00,398,70,0.97,425,85,0.90,388,84,0.96,435,109,0.96,375,124,0.87,473,152,0.90,371,306,0.89,524,185,0.68,322,99,0.62,436,192,0.89,393,206,0.45,476,299,0.35,472,298,0.65,532,440,0.35,423,445
App.js:50 ,0.99,408,75,1.00,413,72,0.99,399,69,0.94,427,86,0.85,388,85,0.73,438,112,0.85,376,119,0.71,477,152,0.84,305,143,0.87,526,187,0.64,315,104,0.51,401,202,0.94,446,193,0.46,478,304,0.52,472,300,0.59,533,439,0.25,423,444
App.js:50 ,0.99,406,75,1.00,409,72,0.99,397,69,0.95,425,87,0.75,386,86,0.56,436,111,0.86,374,124,0.77,475,153,0.88,478,154,0.91,560,193,0.53,323,101,0.39,449,189,0.92,442,191,0.41,478,308,0.50,473,300,0.72,533,440,0.46,424,442
App.js:50 ,0.98,407,73,1.00,411,72,0.99,398,69,0.95,425,85,0.71,389,86,0.72,438,112,0.70,380,121,0.82,475,151,0.85,369,309,0.77,527,189,0.65,320,101,0.36,450,190,0.84,444,192,0.64,479,301,0.33,471,300,0.72,533,440,0.21,532,191
App.js:50 ,0.99,409,77,1.00,415,73,1.00,401,71,0.96,427,89,0.84,389,84,0.98,441,111,0.95,377,127,0.95,473,153,0.90,308,144,0.74,529,192,0.77,315,103,0.78,450,194,0.92,395,209,0.50,480,304,0.59,472,300,0.69,533,443,0.38,422,445
App.js:50 ,1.00,407,76,1.00,414,72,1.00,399,70,0.97,428,89,0.81,390,85,0.98,440,112,0.95,378,126,0.95,474,153,0.82,367,311,0.81,523,189,0.74,313,102,0.76,436,190,0.93,395,206,0.61,477,300,0.41,471,299,0.76,531,444,0.21,421,444
App.js:50 ,0.99,408,75,1.00,415,73,1.00,400,69,0.93,425,90,0.81,390,86,0.94,437,112,0.94,378,122,0.87,474,153,0.88,366,309,0.85,524,190,0.72,323,98,0.60,445,195,0.89,395,207,0.27,480,307,0.46,471,301,0.70,531,442,0.28,421,444
App.js:50 ,0.99,407,78,1.00,410,73,1.00,399,71,0.96,424,89,0.87,388,87,0.78,439,112,0.93,374,125,0.90,474,154,0.89,369,312,0.88,524,191,0.56,324,103,0.52,436,194,0.88,396,209,0.56,478,306,0.57,474,304,0.63,539,446,0.23,423,445
App.js:50 ,0.98,407,75,1.00,410,73,0.99,397,69,0.93,423,87,0.86,386,88,0.90,436,111,0.95,376,126,0.82,474,152,0.84,367,308,0.88,523,189,0.63,320,101,0.65,434,191,0.92,393,207,0.65,476,305,0.35,471,301,0.65,537,444,0.27,423,444
App.js:50 ,0.99,406,76,1.00,409,73,1.00,397,70,0.97,426,88,0.89,384,86,0.94,437,111,0.97,374,126,0.71,477,154,0.88,367,310,0.88,526,191,0.74,313,105,0.70,435,190,0.92,393,205,0.61,472,300,0.50,471,300,0.62,535,449,0.33,426,445
App.js:50 ,0.99,406,76,1.00,408,72,1.00,397,70,0.98,423,83,0.80,385,84,0.95,437,109,0.96,375,123,0.87,476,153,0.87,367,310,0.83,527,187,0.73,323,102,0.68,434,190,0.93,391,207,0.59,478,306,0.32,472,300,0.71,533,441,0.47,423,443
App.js:50 ,0.99,405,70,1.00,406,66,0.99,398,65,0.98,423,79,0.58,386,77,0.53,434,103,0.67,377,110,0.93,474,144,0.91,371,301,0.90,564,178,0.23,324,87,0.83,450,188,0.77,440,191,0.41,478,297,0.26,363,299,0.70,531,430,0.48,422,432
​ ,0.98,408,70,1.00,412,64,1.00,399,64,0.98,424,74,0.94,389,76,0.89,438,103,0.96,374,110,0.88,477,145,0.90,372,300,0.84,528,175,0.57,315,91,0.44,450,184,0.87,398,194,0.45,481,298,0.51,473,295,0.60,533,427,0.37,425,437
​ ,0.98,410,65,0.99,418,64,0.99,401,61,0.99,428,78,0.90,392,76,0.95,441,99,0.96,379,108,0.88,476,138,0.93,370,299,0.93,527,175,0.41,325,85,0.66,454,180,0.86,400,193,0.36,480,293,0.57,482,289,0.85,536,426,0.50,429,434
​ ,0.99,408,62,0.99,417,60,0.99,399,59,0.97,427,76,0.79,394,77,0.85,437,100,0.94,377,107,0.85,474,137,0.93,369,299,0.86,563,173,0.46,315,86,0.51,443,185,0.88,398,194,0.34,480,296,0.39,483,290,0.71,535,425,0.45,426,432
​ ,0.99,408,62,0.99,416,60,0.99,401,56,0.96,428,75,0.75,390,73,0.82,436,97,0.93,377,107,0.85,479,139,0.89,304,134,0.87,527,175,0.67,315,90,0.55,453,177,0.85,399,193,0.34,480,293,0.40,479,287,0.68,534,426,0.45,426,433
​ ,0.99,407,64,1.00,414,62,0.99,399,56,0.98,427,76,0.87,389,74,0.94,437,98,0.95,376,109,0.84,478,143,0.92,369,297,0.88,530,176,0.56,326,86,0.61,464,189,0.93,398,194,0.40,480,293,0.51,476,288,0.76,533,425,0.44,427,435
​ ,0.99,407,60,1.00,413,57,1.00,399,55,0.97,424,73,0.89,387,69,0.95,437,96,0.94,376,109,0.88,474,136,0.92,304,129,0.89,525,173,0.80,313,88,0.70,438,178,0.90,394,193,0.52,480,290,0.44,476,286,0.72,534,423,0.53,426,431
​ ,0.99,406,61,0.99,415,60,0.99,399,55,0.97,427,75,0.72,388,71,0.93,436,97,0.94,376,109,0.90,476,139,0.90,370,299,0.87,526,175,0.76,315,93,0.70,447,178,0.90,397,194,0.31,480,294,0.41,482,288,0.66,535,425,0.47,425,431
​ ,0.99,408,61,0.99,416,57,0.99,401,56,0.94,428,75,0.65,395,73,0.84,437,97,0.95,378,108,0.83,480,138,0.93,371,298,0.91,524,173,0.38,522,176,0.49,460,187,0.83,400,195,0.31,481,293,0.60,483,289,0.76,536,423,0.42,428,432
​ ,0.99,407,61,1.00,413,58,0.99,400,56,0.95,428,75,0.69,389,72,0.91,436,97,0.94,375,108,0.84,475,137,0.92,369,297,0.92,528,174,0.71,325,87,0.59,452,180,0.91,397,194,0.38,480,292,0.58,475,286,0.70,536,425,0.49,428,428
​ ,0.99,408,60,1.00,415,57,1.00,400,55,0.95,428,75,0.77,389,70,0.87,437,96,0.92,375,106,0.85,479,139,0.92,370,296,0.90,525,170,0.38,424,429,0.44,463,186,0.86,396,193,0.56,481,290,0.42,483,287,0.73,538,425,0.35,429,435
​ ,0.99,409,65,1.00,416,62,0.99,402,58,0.98,428,75,0.86,390,74,0.85,439,101,0.95,376,108,0.82,478,141,0.94,373,299,0.89,531,175,0.59,316,90,0.59,448,184,0.90,398,195,0.64,480,290,0.53,483,286,0.77,542,428,0.38,430,434
​ ,0.99,409,67,0.99,418,65,0.99,400,63,0.98,429,79,0.88,392,78,0.92,441,99,0.95,377,111,0.87,480,140,0.88,373,302,0.91,528,174,0.70,316,93,0.58,443,189,0.84,398,194,0.27,482,294,0.28,477,292,0.74,542,425,0.48,433,437
​ ,0.99,408,70,1.00,413,66,1.00,399,66,0.98,426,79,0.84,391,78,0.96,439,100,0.97,376,112,0.93,477,140,0.92,368,306,0.88,529,176,0.59,323,88,0.61,450,182,0.91,398,197,0.46,479,295,0.40,476,293,0.76,538,426,0.50,432,436
​ ,1.00,407,69,1.00,411,66,1.00,398,65,0.99,424,80,0.76,389,79,0.94,437,100,0.97,378,111,0.89,476,141,0.94,368,307,0.87,528,176,0.68,322,91,0.76,456,182,0.91,397,197,0.41,481,295,0.44,476,293,0.75,539,429,0.45,430,438
​ ,0.99,408,69,1.00,411,66,1.00,398,65,0.96,427,80,0.84,389,79,0.87,438,104,0.97,377,117,0.91,477,142,0.92,369,307,0.89,525,176,0.75,323,88,0.70,442,190,0.84,395,203,0.52,478,294,0.20,484,294,0.72,535,432,0.38,429,439
​ ,1.00,407,72,1.00,410,66,1.00,398,66,0.98,423,80,0.85,389,79,0.96,436,101,0.97,376,116,0.97,479,146,0.87,373,304,0.92,527,176,0.74,324,92,0.76,444,187,0.83,395,204,0.32,479,297,0.21,473,295,0.70,538,431,0.56,426,437
​ ,1.00,408,73,1.00,411,69,1.00,399,68,0.98,426,80,0.75,389,79,0.94,437,105,0.95,375,114,0.89,481,146,0.88,304,136,0.82,528,176,0.75,316,95,0.76,445,189,0.90,397,207,0.39,479,297,0.27,479,298,0.75,534,428,0.41,431,440
​ ,1.00,409,73,1.00,413,71,1.00,399,69,0.98,425,83,0.83,389,81,0.96,437,105,0.92,376,116,0.94,479,146,0.88,368,306,0.91,525,175,0.83,313,101,0.75,447,190,0.88,397,205,0.30,480,296,0.37,475,294,0.69,537,434,0.55,431,439
​ ,1.00,408,72,1.00,412,70,1.00,398,68,0.99,425,82,0.71,388,82,0.96,438,105,0.83,376,116,0.90,481,147,0.87,369,307,0.86,528,177,0.54,322,95,0.65,445,189,0.90,395,206,0.32,480,296,0.36,474,293,0.73,536,424,0.31,432,442
​ ,0.98,411,72,1.00,416,70,1.00,401,68,0.97,426,82,0.86,392,82,0.95,442,104,0.90,376,114,0.92,481,147,0.95,370,307,0.91,528,176,0.29,523,180,0.65,446,188,0.89,396,204,0.23,478,295,0.36,476,294,0.66,540,435,0.35,432,438
​ ,0.98,409,70,1.00,414,66,1.00,400,66,0.98,426,80,0.86,393,81,0.78,439,103,0.90,375,110,0.80,477,141,0.94,374,305,0.79,562,181,0.49,317,94,0.47,457,182,0.82,446,188,0.42,482,295,0.45,482,290,0.74,540,425,0.49,431,437
​ ,0.99,406,65,1.00,413,64,0.99,398,61,0.98,427,79,0.75,389,77,0.95,439,99,0.96,379,110,0.88,479,141,0.96,373,299,0.91,530,174,0.76,314,92,0.71,448,181,0.90,400,193,0.39,480,292,0.53,483,290,0.76,542,427,0.46,429,429
​ ,0.98,409,61,0.99,416,57,1.00,402,56,0.96,427,75,0.79,395,74,0.85,439,95,0.97,378,108,0.87,481,139,0.93,376,296,0.79,531,173,0.74,316,89,0.67,448,177,0.92,398,194,0.39,483,286,0.56,485,286,0.64,542,421,0.47,433,429
​ ,0.99,407,61,1.00,413,57,1.00,400,55,0.96,427,72,0.77,389,67,0.95,439,93,0.90,377,105,0.81,480,135,0.92,375,295,0.84,529,172,0.54,315,85,0.76,450,177,0.89,398,192,0.50,482,287,0.34,479,287,0.76,537,423,0.53,432,430
​ ,0.98,408,59,1.00,414,56,1.00,400,55,0.96,427,69,0.69,390,67,0.97,439,91,0.91,375,104,0.90,480,131,0.89,375,293,0.92,525,168,0.70,323,84,0.75,446,172,0.80,398,190,0.31,481,279,0.35,478,280,0.72,537,410,0.44,434,425
​ ,0.99,406,58,1.00,410,54,1.00,399,54,0.98,426,65,0.71,390,65,0.94,440,90,0.95,378,102,0.91,482,131,0.90,377,291,0.92,527,160,0.64,314,85,0.69,449,173,0.85,399,189,0.31,479,279,0.25,478,278,0.76,536,413,0.37,433,420
​ ,0.97,408,51,0.99,414,45,0.99,400,45,0.97,425,52,0.91,393,57,0.97,441,82,0.96,378,92,0.90,478,120,0.93,372,279,0.92,524,154,0.71,322,72,0.86,446,162,0.93,399,175,0.30,480,271,0.30,477,269,0.69,542,406,0.49,436,413
​ ,0.99,411,44,1.00,418,39,1.00,402,39,0.96,427,50,0.82,394,53,0.98,441,75,0.93,379,88,0.94,482,117,0.95,380,277,0.69,534,151,0.31,324,70,0.66,446,159,0.77,399,173,0.18,484,265,0.61,486,267,0.75,545,408,0.33,432,408
​ ,0.85,420,31,0.89,424,26,0.98,414,26,0.89,434,31,0.83,402,36,0.96,453,61,0.95,389,76,0.86,490,103,0.81,386,257,0.84,543,138,0.60,332,43,0.57,453,147,0.80,409,155,0.23,491,252,0.56,486,250,0.62,549,390,0.29,434,393
​ ,0.99,423,20,0.99,421,18,0.99,415,16,0.98,437,31,0.71,404,32,0.89,452,55,0.92,392,68,0.96,492,95,0.89,388,256,0.84,543,128,0.76,339,41,0.74,463,139,0.88,413,149,0.53,494,250,0.35,489,243,0.71,548,381,0.28,443,387
​ ,0.99,420,14,1.00,423,12,0.99,416,6,0.99,439,22,0.79,401,19,0.94,452,46,0.88,392,62,0.95,491,91,0.91,385,248,0.92,539,124,0.59,340,38,0.68,452,127,0.94,409,144,0.71,493,240,0.54,487,237,0.69,547,375,0.43,439,380
​ ,0.99,423,12,1.00,426,9,1.00,417,7,0.97,439,27,0.77,404,23,0.94,451,47,0.93,391,58,0.94,488,89,0.91,384,248,0.82,545,129,0.78,340,37,0.49,467,129,0.72,413,143,0.79,494,242,0.32,492,238,0.75,550,376,0.36,440,382
​ ,0.97,424,11,0.99,429,8,0.99,418,8,0.94,441,25,0.73,407,25,0.49,395,65,0.87,459,46,0.86,491,90,0.90,384,249,0.78,542,126,0.50,338,38,0.47,457,140,0.84,413,145,0.57,496,242,0.56,490,238,0.72,546,376,0.29,441,384
​ ,0.99,423,13,1.00,427,9,1.00,417,7,0.96,441,27,0.76,406,23,0.90,451,47,0.95,393,58,0.93,495,90,0.87,384,248,0.70,545,127,0.71,339,40,0.55,467,134,0.88,413,145,0.77,495,243,0.33,497,239,0.67,551,376,0.36,443,383
​ ,0.98,422,12,1.00,426,8,0.99,416,7,0.97,440,26,0.67,406,23,0.94,454,48,0.92,393,57,0.91,493,91,0.92,386,250,0.91,541,125,0.51,338,43,0.59,469,137,0.87,413,145,0.65,496,246,0.41,493,239,0.69,548,377,0.36,442,382
​ ,0.99,422,13,1.00,425,9,0.99,419,7,0.97,438,25,0.76,405,20,0.80,452,47,0.91,392,55,0.85,493,92,0.88,383,248,0.86,543,121,0.65,339,40,0.59,470,128,0.91,413,143,0.80,495,241,0.40,489,237,0.69,548,372,0.32,441,382
​ ,0.99,423,13,1.00,427,10,1.00,416,7,0.97,441,24,0.88,404,21,0.95,453,46,0.95,394,58,0.95,495,91,0.90,383,248,0.83,541,124,0.74,339,39,0.67,468,130,0.91,411,144,0.49,496,244,0.45,491,239,0.78,550,374,0.37,441,381
​ ,0.99,421,13,1.00,423,9,0.99,416,8,0.98,441,25,0.87,402,23,0.91,453,47,0.95,393,63,0.95,488,90,0.90,387,249,0.80,541,124,0.83,336,38,0.72,467,129,0.92,412,143,0.71,494,243,0.34,490,236,0.72,549,378,0.38,441,383
​ ,0.99,422,9,1.00,430,7,1.00,417,5,0.97,440,17,0.72,406,14,0.90,453,41,0.92,390,53,0.93,498,84,0.81,388,242,0.88,546,120,0.73,339,34,0.62,460,124,0.92,412,141,0.70,494,237,0.42,488,235,0.77,548,372,0.46,443,376
​ ,1.00,423,4,0.99,432,2,0.99,417,0,0.97,443,12,0.65,407,13,0.92,456,40,0.95,391,47,0.92,499,83,0.93,388,241,0.95,545,111,0.19,569,118,0.75,469,125,0.88,414,142,0.45,495,231,0.34,492,232,0.69,548,371,0.25,444,373
​ ,0.99,424,4,0.97,435,3,0.99,418,1,0.97,443,13,0.71,409,12,0.93,458,38,0.95,392,48,0.90,497,83,0.94,385,244,0.95,543,112,0.25,572,114,0.65,470,124,0.86,412,132,0.48,498,232,0.35,498,227,0.68,549,371,0.34,443,370
​ ,0.96,437,10,0.98,442,7,0.99,423,8,0.93,441,18,0.90,409,19,0.84,459,42,0.82,393,53,0.89,497,83,0.89,390,243,0.93,546,114,0.58,327,34,0.78,470,127,0.89,413,141,0.54,496,234,0.48,491,235,0.58,550,373,0.36,444,377
​ ,0.67,433,25,0.74,429,23,0.77,421,24,0.93,442,25,0.83,410,27,0.95,462,53,0.92,390,65,0.87,497,97,0.91,390,259,0.91,543,128,0.48,336,40,0.52,467,142,0.86,461,145,0.37,493,248,0.22,496,243,0.67,554,390,0.30,445,395
​ ,0.99,435,39,1.00,434,35,1.00,423,35,0.99,450,48,0.63,415,46,0.93,465,69,0.95,404,81,0.91,499,110,0.93,400,273,0.79,557,145,0.67,345,61,0.83,475,159,0.94,424,163,0.36,397,273,0.34,499,264,0.81,564,401,0.26,455,408
​ ,0.99,438,45,1.00,440,41,1.00,430,38,0.96,458,56,0.84,417,54,0.86,469,79,0.94,408,92,0.86,506,120,0.89,399,280,0.86,556,156,0.65,354,69,0.49,468,165,0.90,428,176,0.54,511,276,0.39,505,268,0.70,566,405,0.49,456,409
​ ,0.99,439,48,1.00,447,47,0.99,432,41,0.98,458,61,0.71,422,59,0.95,471,83,0.95,408,92,0.85,507,124,0.92,403,284,0.87,561,159,0.78,346,77,0.48,476,171,0.89,430,179,0.44,512,278,0.45,514,272,0.73,567,409,0.40,461,414
​ ,0.99,439,46,0.99,449,45,0.99,433,40,0.98,459,59,0.61,426,55,0.94,471,81,0.96,411,91,0.90,509,121,0.93,403,282,0.90,561,161,0.40,566,164,0.47,484,163,0.92,429,177,0.66,512,271,0.48,508,269,0.74,568,409,0.41,459,414
​ ,0.99,440,43,1.00,448,40,1.00,433,39,0.95,461,56,0.73,423,54,0.97,474,80,0.89,408,89,0.91,511,120,0.94,403,280,0.86,559,158,0.41,564,162,0.71,481,168,0.82,429,176,0.53,511,272,0.48,508,269,0.71,567,409,0.31,456,412
​ ,0.98,441,42,0.99,448,38,1.00,434,38,0.89,458,54,0.78,422,54,0.96,471,77,0.87,408,87,0.88,509,119,0.85,400,278,0.86,558,149,0.70,354,69,0.56,484,156,0.82,475,160,0.47,513,273,0.49,507,269,0.73,564,404,0.36,457,412
​ ,0.99,439,43,1.00,441,40,1.00,431,39,0.94,456,53,0.69,420,52,0.92,468,77,0.91,408,87,0.87,510,120,0.84,399,278,0.87,555,153,0.51,355,68,0.74,478,160,0.93,428,175,0.68,511,270,0.34,504,267,0.72,565,406,0.35,459,412
​ ,0.98,439,44,1.00,442,41,1.00,432,38,0.97,457,52,0.80,421,51,0.97,469,78,0.92,409,93,0.93,510,121,0.84,400,278,0.86,557,156,0.72,354,66,0.63,483,163,0.91,428,176,0.82,510,271,0.20,503,269,0.66,564,407,0.39,458,412
​ ,0.99,438,42,1.00,442,39,0.99,430,38,0.96,458,54,0.82,420,56,0.96,469,78,0.93,409,90,0.92,504,121,0.83,343,111,0.91,557,156,0.67,354,69,0.56,469,158,0.78,430,173,0.63,509,274,0.57,503,269,0.76,562,406,0.41,456,412
​ ,0.99,438,42,1.00,440,40,0.99,430,38,0.98,457,52,0.72,420,52,0.93,468,76,0.94,410,91,0.90,507,119,0.84,400,276,0.89,561,157,0.73,349,65,0.65,477,159,0.88,425,174,0.36,510,270,0.45,504,267,0.80,562,404,0.40,458,412
​ ,0.99,438,45,1.00,440,40,1.00,431,38,0.99,455,52,0.79,419,52,0.95,469,77,0.96,409,89,0.90,507,120,0.82,399,277,0.90,556,155,0.67,348,65,0.67,468,158,0.91,424,174,0.35,503,263,0.49,502,266,0.79,562,407,0.49,450,411
​ ,0.99,438,43,1.00,441,40,1.00,430,39,0.97,456,54,0.86,417,53,0.91,465,76,0.95,409,91,0.94,503,119,0.83,334,107,0.88,553,156,0.67,348,69,0.72,475,161,0.89,425,173,0.64,510,275,0.42,503,271,0.75,562,410,0.45,451,411
​ ,0.99,439,44,1.00,441,40,1.00,430,39,0.96,458,55,0.84,420,54,0.96,468,78,0.95,409,90,0.90,506,120,0.86,336,110,0.88,557,158,0.83,346,72,0.70,478,164,0.88,428,176,0.68,510,273,0.57,503,270,0.65,559,407,0.44,457,413
​ ,0.99,439,45,1.00,443,40,1.00,432,39,0.97,458,56,0.81,422,52,0.96,471,79,0.93,409,95,0.81,507,122,0.89,399,278,0.88,558,158,0.56,356,68,0.77,479,160,0.93,428,175,0.80,510,272,0.30,504,270,0.59,560,407,0.56,458,412
​ ,0.99,440,43,1.00,446,40,1.00,433,38,0.93,457,54,0.85,421,51,0.98,471,77,0.95,409,91,0.83,513,120,0.84,398,277,0.81,558,158,0.64,346,68,0.83,480,161,0.91,427,174,0.51,511,274,0.20,503,268,0.79,562,407,0.41,456,411
​ ,0.98,439,42,1.00,445,39,0.99,432,38,0.92,460,56,0.73,421,54,0.91,472,77,0.85,406,87,0.76,510,121,0.88,401,277,0.92,558,157,0.40,355,68,0.66,477,159,0.80,476,160,0.88,509,269,0.16,509,270,0.79,562,408,0.38,459,414
​ ,0.99,440,45,1.00,446,41,1.00,432,40,0.98,458,57,0.89,422,54,0.97,473,79,0.92,407,91,0.82,506,121,0.90,397,279,0.87,557,158,0.66,348,74,0.72,479,165,0.89,430,175,0.87,512,276,0.61,505,270,0.69,562,406,0.38,458,413
​ ,0.99,440,46,0.99,446,41,0.99,432,41,0.98,459,59,0.82,423,58,0.96,472,81,0.97,408,94,0.81,508,126,0.88,399,282,0.85,559,159,0.57,359,72,0.56,476,171,0.96,428,179,0.69,512,279,0.30,401,284,0.64,562,407,0.43,455,414
​ ,0.99,439,45,1.00,442,41,0.99,429,39,0.97,458,59,0.84,419,57,0.92,469,81,0.92,406,94,0.85,505,123,0.90,401,279,0.82,559,158,0.81,343,75,0.62,484,167,0.90,429,178,0.66,509,277,0.51,504,271,0.65,561,408,0.43,455,410
​ ,0.99,438,42,1.00,442,40,0.99,430,39,0.94,458,57,0.90,419,56,0.79,470,82,0.92,408,92,0.93,509,123,0.91,399,278,0.89,554,157,0.62,346,73,0.64,470,162,0.93,426,177,0.60,509,276,0.44,502,269,0.78,558,406,0.43,457,411
​ ,0.99,438,45,1.00,442,40,0.99,431,38,0.92,458,57,0.69,421,54,0.48,466,81,0.75,407,90,0.68,505,121,0.87,398,279,0.90,554,158,0.70,344,72,0.35,435,170,0.89,471,162,0.28,510,275,0.43,503,270,0.76,562,409,0.38,451,411
​ ,0.99,439,42,1.00,445,39,1.00,432,37,0.96,457,50,0.70,424,52,0.90,471,75,0.93,407,85,0.84,507,112,0.84,399,273,0.75,593,155,0.55,356,61,0.85,477,161,0.93,428,174,0.30,510,267,0.57,504,263,0.71,562,401,0.38,453,401
​ ,0.98,438,38,0.99,441,33,0.99,431,34,0.97,456,47,0.61,424,48,0.53,465,73,0.75,406,80,0.86,505,108,0.96,402,268,0.85,595,148,0.32,355,54,0.45,432,157,0.83,473,155,0.15,511,266,0.39,504,261,0.53,457,398,0.38,451,400
​ ,0.99,440,26,1.00,443,23,1.00,431,22,0.97,457,36,0.85,422,36,0.97,470,62,0.94,409,78,0.83,513,106,0.91,336,91,0.92,563,142,0.79,349,53,0.73,476,143,0.94,426,159,0.69,503,250,0.23,502,251,0.70,560,392,0.32,456,395
​ ,0.99,443,30,0.99,450,29,0.99,440,27,0.98,463,41,0.89,426,39,0.98,479,65,0.96,414,73,0.91,515,106,0.94,404,262,0.80,566,145,0.69,347,59,0.62,481,152,0.77,429,161,0.51,511,257,0.31,508,255,0.73,567,391,0.35,458,395
​ ,0.96,446,29,0.99,453,28,0.98,444,23,0.98,466,42,0.85,429,40,0.96,482,65,0.95,421,75,0.82,515,106,0.92,408,262,0.82,570,144,0.61,360,51,0.60,483,151,0.81,433,161,0.28,514,258,0.38,517,258,0.75,565,391,0.30,461,399
​ ,0.99,443,35,1.00,449,32,0.99,438,31,0.99,465,43,0.74,432,42,0.97,479,65,0.99,421,77,0.92,516,109,0.94,406,264,0.94,561,142,0.75,361,54,0.62,490,149,0.85,433,164,0.53,513,259,0.55,513,259,0.71,566,393,0.39,457,399
​ ,0.99,441,29,0.99,454,25,0.99,438,25,0.97,462,40,0.77,428,37,0.98,479,63,0.97,414,73,0.80,513,105,0.91,401,263,0.90,561,139,0.49,360,50,0.81,483,148,0.81,432,158,0.53,512,260,0.26,509,255,0.73,563,390,0.42,456,395
​ ,0.97,442,28,0.99,451,25,0.99,438,25,0.97,461,40,0.79,426,39,0.98,477,65,0.96,409,75,0.82,511,106,0.91,404,264,0.73,563,144,0.39,357,55,0.75,480,149,0.79,432,161,0.56,512,262,0.47,505,253,0.78,562,395,0.35,454,396
​ ,0.99,438,42,1.00,439,39,1.00,431,38,0.98,455,49,0.46,421,48,0.91,469,74,0.85,407,84,0.90,512,116,0.82,402,273,0.91,563,153,0.53,355,64,0.66,476,159,0.85,426,169,0.34,399,273,0.43,503,263,0.86,560,405,0.33,454,412
​ ,0.99,438,43,1.00,441,40,0.99,430,39,0.97,458,52,0.79,420,52,0.94,469,76,0.95,408,91,0.92,507,118,0.91,402,275,0.83,555,156,0.74,348,67,0.57,468,160,0.80,423,173,0.32,503,264,0.52,503,266,0.68,561,407,0.41,451,410
​ ,0.99,439,42,1.00,443,40,0.99,431,38,0.94,458,56,0.81,420,53,0.82,469,79,0.91,410,93,0.88,512,121,0.87,398,278,0.90,557,157,0.73,355,69,0.52,485,161,0.83,477,162,0.57,510,273,0.37,504,271,0.74,564,408,0.47,455,411
​ ,0.98,443,44,0.99,451,41,1.00,435,41,0.98,461,58,0.87,425,56,0.98,477,82,0.96,411,91,0.74,511,121,0.92,404,279,0.87,561,161,0.21,359,71,0.72,482,166,0.86,427,177,0.35,512,278,0.32,516,275,0.72,569,409,0.40,458,414
​ ,0.99,443,48,0.99,450,48,0.99,438,43,0.98,462,61,0.90,426,58,0.82,474,81,0.98,414,91,0.72,509,120,0.94,407,284,0.86,561,160,0.49,564,161,0.55,478,165,0.79,433,176,0.26,512,269,0.49,516,270,0.72,568,408,0.48,460,413
​ ,0.98,443,51,0.98,455,49,0.98,437,47,0.98,463,60,0.80,429,59,0.96,477,82,0.97,417,92,0.89,514,126,0.95,408,284,0.86,562,160,0.42,357,73,0.51,486,172,0.76,434,180,0.21,411,285,0.38,518,275,0.83,573,412,0.34,460,416
​ ,0.98,442,52,0.99,453,47,0.98,437,47,0.97,461,57,0.71,428,57,0.96,476,82,0.96,418,92,0.88,512,124,0.95,409,283,0.92,562,160,0.60,356,72,0.53,485,173,0.76,485,173,0.31,511,275,0.40,511,274,0.73,570,408,0.44,460,415
​ ,0.99,443,60,0.99,448,56,0.99,439,55,0.95,463,64,0.76,427,64,0.97,478,91,0.90,413,105,0.85,515,131,0.95,410,294,0.87,575,169,0.45,357,85,0.57,487,175,0.73,428,186,0.11,414,296,0.53,514,286,0.76,573,422,0.49,467,425
​ ,0.99,445,68,1.00,450,65,1.00,438,64,0.99,466,75,0.83,431,74,0.94,479,97,0.99,419,110,0.95,514,142,0.92,414,301,0.89,562,175,0.71,361,92,0.77,494,187,0.91,437,197,0.38,522,297,0.54,519,289,0.58,575,423,0.55,468,430
​ ,0.98,448,69,1.00,451,65,0.99,438,65,0.96,468,75,0.81,430,77,0.58,468,103,0.95,422,110,0.93,512,140,0.92,415,303,0.90,564,173,0.56,363,86,0.62,494,185,0.70,437,195,0.41,516,293,0.36,518,292,0.55,575,427,0.43,467,430
​ ,0.99,443,68,1.00,448,66,1.00,437,66,0.98,465,77,0.79,431,79,0.96,479,99,0.98,420,114,0.94,515,143,0.94,411,305,0.91,563,176,0.73,357,93,0.74,489,189,0.86,435,199,0.19,413,305,0.48,517,292,0.73,575,429,0.52,465,430
​ ,0.99,442,74,1.00,448,71,1.00,437,70,0.98,462,81,0.75,428,83,0.97,477,104,0.97,417,119,0.96,513,146,0.88,411,307,0.88,562,181,0.38,356,96,0.67,487,190,0.73,432,201,0.30,522,300,0.42,517,297,0.79,576,434,0.59,466,439
​ ,0.99,443,74,1.00,452,71,1.00,435,69,0.98,460,81,0.82,426,82,0.97,473,104,0.95,413,115,0.94,512,146,0.94,406,306,0.94,561,177,0.18,561,179,0.62,480,191,0.87,431,198,0.29,512,294,0.31,515,296,0.66,574,431,0.56,464,436
​ ,0.78,447,63,0.84,454,57,0.93,440,60,0.87,462,66,0.89,428,68,0.93,478,96,0.92,410,105,0.82,513,135,0.93,407,293,0.92,562,170,0.63,346,86,0.62,480,179,0.66,431,193,0.32,513,285,0.31,515,287,0.60,567,412,0.41,462,424
​ ,0.99,440,59,1.00,448,55,1.00,434,55,0.93,461,69,0.64,428,69,0.96,473,93,0.91,412,105,0.85,514,134,0.91,408,294,0.81,593,170,0.51,346,89,0.50,486,175,0.77,480,179,0.62,515,285,0.33,516,286,0.65,568,414,0.41,463,428
​ ,0.99,441,59,1.00,450,56,1.00,434,56,0.97,460,67,0.81,428,68,0.99,475,92,0.97,412,103,0.89,515,132,0.92,409,294,0.82,561,168,0.47,350,91,0.73,479,175,0.83,433,184,0.48,512,278,0.33,517,282,0.56,573,420,0.42,467,425
​ ,1.00,440,60,1.00,450,55,1.00,434,56,0.93,460,68,0.78,427,70,0.98,476,92,0.96,411,106,0.89,516,134,0.93,411,293,0.83,572,168,0.58,359,88,0.72,487,176,0.80,433,192,0.15,412,297,0.39,511,285,0.63,570,415,0.46,466,424
​ ,0.99,441,58,1.00,449,54,1.00,434,54,0.96,459,65,0.76,426,68,0.96,474,89,0.97,413,103,0.91,513,129,0.95,409,291,0.79,563,161,0.41,358,84,0.76,486,174,0.84,434,185,0.11,412,290,0.35,511,279,0.73,573,415,0.41,467,420
​ ,0.99,440,54,0.99,450,49,0.99,434,49,0.98,459,61,0.80,427,64,0.96,474,85,0.98,414,98,0.93,511,124,0.90,409,289,0.91,565,160,0.30,353,76,0.72,478,175,0.81,433,181,0.28,413,286,0.48,516,274,0.82,574,409,0.58,468,415
​ ,0.99,442,45,0.99,450,45,0.99,436,44,0.98,463,59,0.88,428,60,0.98,477,81,0.98,416,93,0.93,514,123,0.95,410,280,0.86,569,162,0.40,354,72,0.70,482,167,0.80,432,179,0.29,414,283,0.54,518,270,0.67,571,402,0.42,467,413
​ ,0.99,448,45,0.99,452,44,1.00,438,42,0.97,465,56,0.91,427,58,0.97,482,79,0.99,417,92,0.94,516,122,0.93,412,279,0.88,566,156,0.70,355,70,0.75,481,162,0.74,432,177,0.34,414,283,0.54,517,268,0.49,575,406,0.42,466,412
​ ,0.99,446,49,0.99,450,47,0.99,440,45,0.98,464,57,0.86,430,60,0.96,479,81,0.98,418,92,0.93,515,121,0.90,414,283,0.87,565,160,0.51,359,70,0.69,481,167,0.85,433,179,0.25,414,286,0.51,517,274,0.55,575,407,0.40,468,413
​ ,0.99,444,49,1.00,450,48,1.00,437,46,0.99,464,58,0.81,430,59,0.95,480,80,0.98,420,92,0.91,519,124,0.92,412,283,0.83,567,160,0.52,364,70,0.80,490,162,0.89,433,178,0.33,516,272,0.51,517,273,0.75,576,407,0.45,467,414
​ ,1.00,440,53,1.00,449,50,1.00,433,50,0.99,461,63,0.73,429,64,0.98,474,84,0.98,416,97,0.95,513,124,0.89,411,289,0.88,560,157,0.58,352,82,0.69,478,174,0.84,431,181,0.35,413,288,0.46,517,279,0.69,573,407,0.45,466,416
​ ,0.99,441,52,1.00,448,49,1.00,432,49,0.99,460,62,0.82,426,66,0.96,474,84,0.97,411,96,0.90,512,123,0.93,409,289,0.92,560,158,0.23,357,78,0.62,475,173,0.77,478,172,0.37,412,287,0.50,514,277,0.74,573,408,0.49,464,416
​ ,0.87,441,47,0.96,448,39,0.98,437,44,0.87,461,48,0.80,430,52,0.94,481,79,0.95,414,91,0.86,513,118,0.93,410,279,0.78,579,153,0.43,356,68,0.40,468,164,0.73,430,172,0.14,523,271,0.25,518,270,0.82,573,406,0.33,466,409
​ ,0.99,442,40,1.00,449,37,1.00,434,36,0.98,457,48,0.86,425,51,0.97,476,72,0.96,410,84,0.96,516,116,0.91,409,275,0.84,564,144,0.42,570,151,0.67,480,157,0.80,429,172,0.22,512,263,0.36,510,263,0.59,571,398,0.38,465,406
​ ,0.99,440,41,1.00,444,38,1.00,432,36,0.97,457,49,0.67,423,52,0.85,470,72,0.87,407,86,0.86,511,110,0.93,410,277,0.85,562,145,0.43,358,64,0.77,488,157,0.78,429,172,0.29,514,263,0.41,514,265,0.73,573,402,0.40,465,405
​ ,0.99,438,44,1.00,446,39,1.00,433,39,0.94,457,50,0.61,428,50,0.96,473,76,0.92,411,87,0.87,516,117,0.94,411,277,0.88,564,151,0.56,357,70,0.51,475,159,0.84,429,175,0.26,513,266,0.36,512,268,0.75,573,404,0.43,468,409
​ ,0.99,440,45,0.99,447,39,1.00,434,40,0.92,460,53,0.66,426,52,0.94,476,78,0.83,410,88,0.86,517,119,0.94,410,278,0.78,570,158,0.53,348,70,0.61,433,173,0.63,486,162,0.22,513,269,0.31,511,269,0.74,575,407,0.35,467,412
​ ,0.97,439,52,0.99,448,47,0.98,433,46,0.97,460,57,0.81,425,60,0.91,472,83,0.83,412,92,0.87,513,122,0.94,411,281,0.86,559,156,0.42,358,75,0.53,487,164,0.78,479,169,0.17,519,281,0.47,517,272,0.63,575,405,0.34,466,413
​ ,0.99,441,45,1.00,453,40,1.00,435,41,0.97,461,53,0.85,429,53,0.97,479,77,0.97,416,91,0.90,515,116,0.88,412,278,0.81,567,152,0.55,364,67,0.72,489,159,0.75,430,174,0.36,415,279,0.42,518,269,0.72,575,406,0.36,468,412
​ ,0.98,449,44,1.00,449,39,1.00,438,41,0.98,466,48,0.82,431,54,0.96,482,75,0.95,422,91,0.86,518,116,0.85,413,277,0.88,577,152,0.43,363,71,0.64,489,158,0.86,434,174,0.56,517,264,0.54,517,269,0.63,578,405,0.33,472,409
​ ,0.99,452,44,1.00,452,40,1.00,441,42,0.98,468,51,0.93,430,56,0.93,484,78,0.98,421,92,0.82,519,119,0.85,415,278,0.87,571,155,0.64,366,72,0.77,492,159,0.93,437,174,0.81,518,263,0.36,517,266,0.85,577,399,0.32,466,407
​ ,0.99,451,45,1.00,451,41,1.00,441,43,0.98,468,51,0.88,432,55,0.92,487,77,0.96,424,92,0.86,516,118,0.82,416,279,0.90,571,154,0.69,369,69,0.76,492,160,0.90,437,173,0.23,525,270,0.52,518,268,0.65,578,403,0.52,472,410
​ ,0.99,450,45,1.00,453,43,1.00,440,43,0.97,467,55,0.88,430,56,0.97,483,78,0.94,420,91,0.90,519,119,0.83,412,277,0.91,570,157,0.72,365,70,0.68,488,160,0.85,434,173,0.65,516,268,0.45,517,269,0.72,576,404,0.38,467,411
​ ,0.99,449,47,0.99,458,40,1.00,439,44,0.96,466,52,0.87,428,57,0.96,482,78,0.98,419,92,0.93,517,119,0.91,413,278,0.85,566,156,0.64,362,71,0.71,482,162,0.88,433,177,0.25,515,264,0.45,517,268,0.62,573,404,0.41,466,410
​ ,0.99,450,46,1.00,452,45,1.00,439,44,0.98,466,56,0.91,429,59,0.97,482,80,0.97,419,92,0.88,513,121,0.94,411,279,0.89,569,156,0.62,364,69,0.75,491,160,0.88,434,175,0.54,515,266,0.47,517,269,0.75,574,407,0.33,465,408
​ ,0.99,441,44,0.99,453,40,1.00,436,41,0.95,464,56,0.83,428,56,0.95,480,77,0.97,415,90,0.80,514,119,0.92,412,278,0.74,588,157,0.34,350,73,0.70,484,161,0.83,431,175,0.53,514,267,0.50,517,267,0.77,572,405,0.36,464,411
​ ,0.99,439,47,0.99,446,40,1.00,434,41,0.96,459,52,0.74,427,54,0.95,476,78,0.86,409,89,0.92,514,117,0.90,408,278,0.87,557,150,0.44,360,75,0.60,477,160,0.72,480,161,0.22,514,266,0.40,510,267,0.72,566,398,0.41,462,406
​ ,0.99,440,44,1.00,447,40,1.00,432,39,0.94,461,55,0.81,423,52,0.98,473,78,0.93,409,90,0.90,512,117,0.92,406,278,0.84,559,154,0.22,561,158,0.67,476,161,0.76,430,173,0.69,512,269,0.45,508,268,0.80,568,398,0.49,464,412
​ ,0.99,439,47,1.00,446,44,1.00,431,40,0.98,458,57,0.78,421,54,0.95,473,80,0.95,410,93,0.88,509,122,0.93,408,278,0.88,559,157,0.28,561,156,0.66,478,171,0.92,430,174,0.70,512,270,0.38,515,269,0.78,567,406,0.29,467,413
​ ,0.99,440,45,0.99,448,40,1.00,434,40,0.98,462,58,0.81,425,55,0.97,474,81,0.97,412,91,0.88,510,122,0.92,409,280,0.91,561,158,0.35,355,73,0.63,488,161,0.74,428,179,0.26,413,284,0.51,517,270,0.76,573,406,0.42,466,412
​ ,1.00,440,50,1.00,449,47,1.00,433,46,0.99,462,58,0.81,427,58,0.98,476,82,0.99,415,92,0.94,510,122,0.95,411,280,0.88,557,158,0.46,357,74,0.68,478,172,0.85,433,178,0.20,413,284,0.45,518,274,0.50,572,403,0.45,465,413
​ ,0.99,440,47,0.99,448,46,0.99,433,42,0.99,460,57,0.84,427,57,0.97,475,82,0.94,411,90,0.90,511,121,0.96,411,280,0.83,559,157,0.44,353,72,0.63,487,164,0.78,428,178,0.28,513,269,0.45,518,269,0.59,574,404,0.44,468,413
​ ,0.99,441,45,1.00,446,40,1.00,432,39,0.96,458,51,0.82,426,55,0.94,470,76,0.94,407,90,0.87,510,119,0.91,408,278,0.88,558,152,0.50,357,72,0.66,485,159,0.74,429,174,0.42,513,265,0.45,508,266,0.77,569,399,0.45,465,411
​ ,0.99,439,47,1.00,441,42,1.00,431,40,0.97,455,54,0.77,420,52,0.96,469,78,0.92,408,91,0.93,511,119,0.93,405,278,0.82,557,159,0.64,348,73,0.78,479,162,0.88,428,173,0.47,512,272,0.44,509,269,0.60,567,399,0.36,463,413
​ ,0.99,439,45,1.00,440,41,1.00,429,40,0.97,457,53,0.88,418,55,0.89,465,79,0.97,407,94,0.82,509,122,0.89,400,279,0.86,558,155,0.56,356,66,0.47,468,161,0.88,426,177,0.36,511,269,0.63,508,268,0.67,567,399,0.36,461,411
​ ,0.99,438,46,1.00,439,44,0.99,427,44,0.99,452,56,0.94,416,57,0.95,464,80,0.94,405,92,0.94,506,121,0.90,400,281,0.89,562,160,0.51,350,70,0.77,471,162,0.92,426,177,0.64,510,270,0.66,504,269,0.59,566,408,0.46,462,411
​ ,0.99,436,47,1.00,438,45,0.99,426,45,0.98,453,57,0.92,416,58,0.89,470,80,0.96,408,94,0.89,506,120,0.89,401,282,0.72,554,161,0.45,353,67,0.59,476,164,0.90,427,178,0.88,509,268,0.29,403,281,0.69,569,407,0.35,459,413
​ ,0.99,437,46,1.00,438,44,0.99,426,45,0.97,453,57,0.93,416,60,0.91,470,80,0.96,407,93,0.92,506,122,0.90,402,280,0.86,555,156,0.67,351,73,0.65,469,162,0.92,426,178,0.62,509,269,0.47,504,267,0.75,566,407,0.45,461,413
​ ,1.00,437,48,1.00,436,46,0.99,429,45,0.98,453,57,0.91,418,59,0.93,468,80,0.97,408,94,0.88,505,122,0.92,402,283,0.91,556,158,0.74,354,70,0.56,468,167,0.87,427,177,0.52,511,270,0.56,510,269,0.63,568,403,0.40,459,412
​ ,1.00,436,50,1.00,437,47,0.99,428,47,0.99,454,60,0.89,417,61,0.90,467,84,0.96,406,96,0.87,502,122,0.95,406,285,0.90,556,159,0.73,351,72,0.72,482,170,0.88,428,180,0.63,512,276,0.45,509,270,0.75,567,406,0.44,459,414
​ ,1.00,436,49,1.00,437,47,0.99,428,45,0.99,454,59,0.86,418,60,0.76,467,81,0.97,407,94,0.84,505,121,0.90,401,282,0.86,556,162,0.74,354,73,0.49,474,170,0.88,427,180,0.40,511,277,0.62,507,270,0.71,566,409,0.53,460,412
​ ,1.00,438,47,1.00,438,45,0.99,429,44,0.98,453,58,0.93,417,59,0.88,471,81,0.97,406,94,0.92,506,121,0.91,403,279,0.93,553,157,0.75,347,74,0.48,469,165,0.90,426,176,0.82,509,270,0.58,504,268,0.75,567,406,0.38,459,412
​ ,1.00,438,46,1.00,438,44,0.99,428,42,0.99,452,57,0.94,416,57,0.91,471,79,0.98,406,92,0.93,501,123,0.92,401,279,0.86,559,159,0.50,354,70,0.74,470,159,0.89,424,175,0.45,509,272,0.53,506,269,0.66,566,403,0.58,461,411
​ ,0.99,439,46,1.00,440,44,0.99,429,41,0.98,454,59,0.92,417,57,0.84,467,81,0.97,407,93,0.86,504,122,0.90,399,281,0.77,565,160,0.61,352,71,0.57,469,163,0.90,426,177,0.60,511,274,0.47,506,269,0.68,566,401,0.49,461,413
​ ,0.99,438,46,1.00,439,44,0.99,428,41,0.98,452,58,0.92,416,56,0.93,471,79,0.96,406,92,0.90,502,121,0.93,402,280,0.86,554,158,0.59,355,68,0.70,476,165,0.91,426,178,0.80,508,271,0.46,503,267,0.68,566,401,0.43,458,411
​ ,0.99,438,45,1.00,438,41,1.00,427,44,0.96,452,57,0.93,416,57,0.87,472,80,0.98,405,93,0.88,504,121,0.88,400,279,0.82,556,157,0.51,354,72,0.61,476,164,0.92,426,177,0.65,504,264,0.40,503,267,0.79,565,406,0.36,457,412
​ ,1.00,437,47,1.00,439,46,0.99,429,43,0.99,454,62,0.92,417,60,0.89,468,82,0.98,406,94,0.91,502,120,0.93,332,117,0.81,555,158,0.72,354,72,0.61,482,163,0.90,427,178,0.62,510,270,0.51,507,266,0.72,567,402,0.54,459,412
​ ,1.00,438,46,1.00,440,45,0.99,428,40,0.98,454,60,0.90,418,59,0.84,467,82,0.95,408,95,0.93,508,122,0.92,337,116,0.89,556,157,0.78,346,74,0.58,481,164,0.89,427,179,0.50,512,272,0.56,509,270,0.69,568,399,0.42,463,413
​ ,0.99,438,45,1.00,440,44,0.99,427,41,0.98,454,58,0.90,418,57,0.91,470,80,0.95,407,94,0.92,504,122,0.93,402,280,0.90,553,157,0.66,353,71,0.72,473,170,0.95,424,177,0.65,510,269,0.54,504,267,0.59,565,407,0.38,457,412
​ ,0.99,439,46,1.00,439,42,1.00,429,40,0.96,455,56,0.82,416,55,0.85,469,80,0.92,408,91,0.89,503,122,0.87,401,278,0.92,557,158,0.55,356,69,0.56,464,163,0.85,473,164,0.50,509,274,0.54,503,269,0.74,563,408,0.40,452,410
​ ,0.99,439,45,1.00,441,41,0.99,429,40,0.96,456,59,0.85,419,58,0.86,469,83,0.94,406,92,0.80,507,121,0.90,401,279,0.88,554,158,0.67,355,70,0.58,474,171,0.94,428,177,0.50,512,277,0.49,504,270,0.79,562,407,0.44,459,412
​ ,0.99,439,45,1.00,442,41,0.99,430,39,0.97,458,59,0.82,419,56,0.82,468,84,0.81,407,90,0.89,505,122,0.87,399,277,0.85,554,159,0.72,348,71,0.56,468,171,0.91,427,178,0.47,510,270,0.30,504,267,0.52,462,408,0.44,458,412
​ ,0.99,437,47,1.00,442,46,0.99,430,40,0.98,456,62,0.82,420,58,0.46,449,88,0.93,409,92,0.65,501,120,0.94,401,280,0.88,555,160,0.63,356,72,0.32,482,165,0.90,474,167,0.70,510,272,0.47,504,268,0.63,566,407,0.42,458,411
​ ,0.99,437,52,1.00,439,49,0.98,426,52,0.98,454,62,0.67,419,63,0.59,468,83,0.77,406,95,0.89,503,124,0.87,405,286,0.85,560,161,0.40,555,161,0.55,432,177,0.83,471,171,0.62,511,281,0.45,505,274,0.75,562,411,0.49,457,415
​ ,0.99,435,56,1.00,438,50,0.99,430,50,0.99,454,63,0.70,419,62,0.67,468,86,0.86,405,97,0.89,506,127,0.88,405,286,0.89,556,160,0.35,355,74,0.57,434,177,0.89,470,174,0.38,511,284,0.24,503,278,0.79,562,410,0.39,458,414
​ ,0.99,437,56,1.00,437,52,0.99,429,51,0.99,454,65,0.82,418,64,0.92,465,88,0.98,407,100,0.91,504,128,0.91,401,286,0.91,552,159,0.59,349,80,0.63,466,173,0.88,421,187,0.51,508,281,0.41,503,274,0.80,561,408,0.34,456,416
​ ,1.00,435,53,1.00,434,50,0.99,423,51,0.99,449,62,0.83,414,62,0.89,466,83,0.99,405,99,0.91,500,124,0.93,400,283,0.86,561,160,0.53,349,76,0.78,482,171,0.85,424,180,0.67,506,279,0.50,502,274,0.76,561,407,0.39,455,415
​ ,0.99,434,54,1.00,434,51,1.00,423,51,0.99,451,63,0.76,414,63,0.94,465,84,0.97,406,97,0.93,498,126,0.88,399,286,0.85,548,159,0.47,341,81,0.69,482,171,0.84,422,181,0.48,398,287,0.63,502,272,0.76,560,410,0.49,454,414
​ ,1.00,434,57,1.00,434,52,1.00,423,53,0.99,450,64,0.76,415,64,0.92,467,85,0.98,407,99,0.95,497,126,0.86,399,287,0.81,547,157,0.67,345,79,0.76,481,173,0.83,426,181,0.56,396,288,0.35,501,278,0.72,560,409,0.45,456,421
​ ,0.99,435,54,1.00,434,51,0.99,428,50,0.99,449,63,0.82,414,63,0.93,467,85,0.97,406,97,0.93,497,125,0.89,400,287,0.82,547,158,0.43,349,76,0.74,481,172,0.84,423,183,0.58,505,276,0.54,502,271,0.73,559,406,0.37,452,415
​ ,0.99,433,53,1.00,433,50,0.99,422,51,0.98,450,63,0.80,414,62,0.82,464,84,0.98,403,98,0.90,497,123,0.91,399,284,0.88,545,159,0.59,340,76,0.68,479,173,0.84,423,180,0.53,505,277,0.49,503,271,0.82,559,408,0.36,452,415
​ ,0.99,431,53,1.00,433,49,1.00,421,49,0.99,449,60,0.72,414,61,0.96,465,83,0.99,402,96,0.94,498,125,0.89,399,286,0.86,555,159,0.57,344,74,0.66,473,171,0.88,422,182,0.50,504,281,0.60,503,271,0.69,560,407,0.33,452,415
​ ,0.99,426,53,0.99,436,49,0.99,419,49,0.99,445,59,0.86,411,60,0.98,462,83,0.99,401,94,0.94,497,124,0.92,395,285,0.91,545,159,0.33,339,74,0.65,477,174,0.82,418,181,0.32,498,274,0.54,501,272,0.78,558,408,0.55,451,414
​ ,0.99,427,53,0.99,434,49,1.00,418,49,0.98,443,61,0.87,408,63,0.92,456,84,0.97,395,96,0.79,493,121,0.91,394,284,0.83,546,162,0.26,341,77,0.57,471,171,0.85,414,182,0.21,397,284,0.56,501,274,0.78,559,408,0.45,448,413
​ ,0.99,426,54,1.00,431,50,1.00,417,49,0.97,443,64,0.85,408,65,0.82,454,87,0.96,393,93,0.90,497,125,0.89,391,288,0.92,545,161,0.35,331,78,0.58,461,171,0.78,413,181,0.46,497,276,0.45,500,272,0.77,557,410,0.48,446,417
​ ,0.98,429,58,0.99,437,52,1.00,420,52,0.91,443,63,0.92,407,67,0.95,459,88,0.95,394,101,0.90,494,128,0.95,388,290,0.72,561,163,0.50,547,167,0.78,462,177,0.93,415,192,0.16,491,275,0.47,492,278,0.57,553,419,0.36,449,421
​ ,0.99,420,65,1.00,423,63,0.99,412,60,0.99,436,75,0.93,400,74,0.90,448,99,0.99,390,112,0.87,490,140,0.93,385,297,0.87,537,176,0.51,340,89,0.38,459,183,0.87,411,196,0.52,494,288,0.67,487,285,0.74,551,423,0.40,442,428
​ ,0.98,419,61,1.00,423,59,0.99,409,59,0.96,435,72,0.92,399,74,0.96,451,95,0.99,390,108,0.92,484,136,0.85,380,292,0.89,536,172,0.71,337,85,0.71,458,177,0.85,407,188,0.70,486,283,0.45,486,284,0.72,547,423,0.51,440,424
​ ,0.99,417,62,0.99,423,61,0.99,408,60,0.98,437,76,0.86,398,76,0.62,452,96,0.96,390,108,0.92,484,138,0.86,383,294,0.88,542,174,0.60,337,87,0.47,416,188,0.78,406,193,0.57,491,293,0.65,486,286,0.71,547,423,0.45,439,427
​ ,0.99,419,62,1.00,424,61,0.99,411,55,0.99,436,76,0.92,399,75,0.90,451,96,0.92,391,109,0.94,482,137,0.87,382,295,0.85,534,173,0.44,338,85,0.61,465,180,0.87,406,193,0.67,485,283,0.28,378,296,0.56,544,421,0.41,440,431
​ ,0.99,410,70,1.00,416,67,1.00,406,68,0.99,433,78,0.55,399,77,0.63,438,102,0.96,392,113,0.91,481,139,0.90,382,301,0.78,530,174,0.35,534,177,0.52,449,187,0.71,405,195,0.28,382,303,0.45,486,289,0.78,543,423,0.38,437,437
​ ,0.99,419,71,1.00,419,68,1.00,407,68,0.99,433,80,0.79,400,79,0.95,450,101,0.99,389,115,0.94,482,144,0.87,381,303,0.84,530,174,0.44,330,93,0.72,466,188,0.76,403,201,0.43,484,293,0.49,486,291,0.62,543,421,0.52,434,432
​ ,0.99,419,73,1.00,420,68,0.99,409,69,0.99,436,80,0.86,400,80,0.91,451,104,0.98,392,117,0.92,483,142,0.96,383,300,0.85,534,177,0.49,337,89,0.71,469,180,0.80,408,200,0.36,488,296,0.53,486,289,0.84,545,426,0.46,437,437
​ ,0.99,420,73,1.00,422,68,0.99,410,69,0.99,437,78,0.83,402,80,0.87,451,104,0.98,391,119,0.86,487,144,0.92,384,302,0.89,535,175,0.56,339,93,0.46,465,184,0.81,454,186,0.33,489,298,0.41,486,288,0.79,544,424,0.47,437,436
​ ,0.99,420,72,1.00,422,69,0.99,409,70,0.99,438,80,0.70,402,81,0.87,449,104,0.94,393,117,0.88,487,144,0.92,385,299,0.90,537,177,0.48,342,99,0.60,467,187,0.83,454,187,0.52,486,287,0.39,485,288,0.66,545,426,0.44,435,430
​ ,0.99,421,70,1.00,422,68,0.99,413,67,0.99,436,79,0.90,401,80,0.90,451,104,0.99,390,116,0.89,485,141,0.94,383,299,0.87,534,177,0.50,340,93,0.65,450,190,0.78,410,197,0.37,491,297,0.40,487,291,0.75,544,423,0.33,544,425
​ ,0.99,419,73,1.00,422,70,1.00,408,70,0.99,437,80,0.66,402,82,0.95,451,104,0.97,393,118,0.89,491,146,0.95,385,301,0.91,536,175,0.32,336,99,0.60,450,190,0.87,406,201,0.46,383,303,0.32,383,302,0.75,544,424,0.28,437,437
​ ,0.99,419,73,1.00,419,67,0.99,409,69,0.98,436,78,0.89,400,79,0.64,453,101,0.97,391,116,0.87,482,142,0.92,383,296,0.85,534,177,0.61,337,92,0.67,457,188,0.68,409,197,0.58,486,287,0.58,486,286,0.73,543,422,0.54,435,430
​ ,1.00,420,70,1.00,421,66,1.00,408,68,0.99,436,78,0.91,401,78,0.93,451,103,0.99,390,114,0.88,484,144,0.93,383,298,0.85,542,176,0.46,335,92,0.61,452,190,0.79,409,197,0.41,491,296,0.60,486,288,0.64,544,421,0.45,435,430
